0.208 4.804 33.948
0.149 5.933 23.859
0.103 2.987 16.608
0.101 1.465 16.537
0.094 1.118 15.507
0.084 1.763 13.689
0.099 1.027 16.328
0.071 1.666 11.545
0.065 2.237 10.385
0.075 1.083 12.308
0.095 2.908 15.331
0.070 1.440 11.380
0.072 1.904 11.748
0.060 1.503 9.758
0.050 0.574 8.232
0.066 2.140 10.629
0.059 2.325 9.450
0.057 1.715 9.131
0.071 0.133 11.770
0.062 1.412 10.087
0.070 1.032 11.494
0.052 2.544 8.194
0.049 3.462 7.512
0.040 1.686 6.380
0.037 0.620 6.135
0.052 2.055 8.387
0.067 2.184 10.826
0.060 2.409 9.630
0.054 2.551 8.516
0.051 0.478 8.385
0.063 3.843 9.905
0.045 1.257 7.310
0.043 0.645 7.054
0.060 2.767 9.459
0.050 4.539 7.571
0.058 1.356 9.437
0.057 0.384 9.472
0.068 1.823 11.027
0.053 3.781 8.282
0.060 2.315 9.597
0.054 0.375 8.878
0.042 2.837 6.477
0.054 2.175 8.667
0.046 0.027 7.601
0.035 2.715 5.363
0.055 1.696 8.856
0.043 3.493 6.611
0.039 3.068 6.029
0.066 1.407 10.843
0.042 2.658 6.635
0.062 2.527 9.924
0.048 3.832 7.332
0.035 2.553 5.458
0.042 3.721 6.433
0.051 3.200 8.040
0.050 3.055 7.840
0.047 0.164 7.862
0.047 1.802 7.545
0.053 0.846 8.620
0.041 1.238 6.665
0.048 0.632 7.913
0.040 1.667 6.386
0.076 4.278 11.911
0.038 0.345 6.293
0.071 1.176 11.600
0.043 0.996 7.078
0.049 0.108 8.225
0.038 3.112 5.850
0.039 2.310 6.195
0.037 1.444 5.929
0.042 1.287 6.838
0.050 0.847 8.115
0.038 1.602 6.118
0.039 3.299 6.015
0.070 0.836 11.552
0.044 3.126 6.776
0.053 2.812 8.301
0.042 1.894 6.758
0.088 1.990 14.318
0.048 3.029 7.551
0.042 0.060 7.011
0.035 3.300 5.333
0.036 3.333 5.481
0.069 0.623 11.387
0.055 2.308 8.803
0.047 2.685 7.316
0.037 3.176 5.587
0.034 1.095 5.430
0.060 2.547 9.511
0.046 1.719 7.419
0.037 2.073 5.800
0.050 3.126 7.875
0.041 4.255 6.139
0.051 2.402 8.085
0.050 1.339 8.130
0.033 2.507 5.065
0.039 1.373 6.227
0.042 3.969 6.348
0.061 0.441 10.175
0.041 2.127 6.424
0.052 3.210 8.198
0.058 0.258 9.586
0.035 3.549 5.322
0.057 3.159 8.897
0.042 1.761 6.650
0.052 2.574 8.286
0.053 3.231 8.274
0.040 2.674 6.245
0.044 0.570 7.280
0.041 1.138 6.568
0.034 3.663 5.128
0.030 0.565 4.873
0.025 1.216 4.016
0.040 1.758 6.414
0.044 0.099 7.375
0.050 1.378 8.032
0.039 3.029 6.008
0.040 2.975 6.249
0.039 0.959 6.373
0.036 0.713 5.879
0.050 1.475 8.117
0.037 1.702 5.901
0.045 2.597 7.137
0.045 2.200 7.062
0.049 3.822 7.530
0.041 0.309 6.820
0.046 3.228 7.143
0.045 3.274 6.917
0.046 0.512 7.563
0.030 2.878 4.537
0.036 3.482 5.342
0.035 2.054 5.504
0.044 0.634 7.294
0.042 2.050 6.666
0.056 1.766 9.034
0.038 2.725 5.928
0.043 2.776 6.768
0.044 3.859 6.770
0.043 1.717 6.842
0.026 0.943 4.208
0.043 3.579 6.500
0.060 0.868 9.853
0.032 1.306 5.159
0.038 3.393 5.808
0.052 1.637 8.432
0.042 2.561 6.540
0.043 0.270 7.067
0.052 0.449 8.537
0.037 3.938 5.498
0.057 4.781 8.733
0.043 1.850 6.927
0.032 0.380 5.293
0.058 1.993 9.273
0.039 1.859 6.139
0.030 0.573 4.875
0.041 0.126 6.883
0.038 1.122 6.072
0.044 2.173 6.906
0.036 1.040 5.886
0.031 2.784 4.757
0.040 2.372 6.212
0.031 0.537 5.085
0.048 0.101 8.051
0.036 2.541 5.551
0.046 1.954 7.339
0.049 2.015 7.759
0.050 2.944 7.798
0.046 0.883 7.567
0.039 3.529 5.881
0.035 0.611 5.800
0.042 1.521 6.728
0.043 0.219 7.140
0.047 5.086 6.942
0.054 2.520 8.513
0.045 1.335 7.298
0.048 1.414 7.737
0.040 0.927 6.434
0.043 2.349 6.735
0.042 1.860 6.650
0.034 0.854 5.480
0.039 2.524 6.045
0.055 1.872 8.792
0.034 2.080 5.301
0.036 1.857 5.689
0.038 0.773 6.229
0.038 3.278 5.741
0.037 2.909 5.643
0.044 0.661 7.263
0.046 1.239 7.443
0.038 1.073 6.178
0.043 3.499 6.638
0.038 2.906 5.923
0.037 3.392 5.616
0.040 3.070 6.209
0.043 3.064 6.673
0.036 1.124 5.755
0.025 0.088 4.228
0.042 4.154 6.282
0.048 0.327 7.922
0.039 1.104 6.308
0.055 3.653 8.479
0.039 1.359 6.231
0.042 2.168 6.697
0.034 2.212 5.244
0.035 2.223 5.426
0.031 1.531 4.918
0.031 2.920 4.605
0.034 2.997 5.142
0.030 1.339 4.793
0.047 4.464 7.042
0.062 2.082 9.927
0.037 2.291 5.721
0.028 2.157 4.228
0.050 2.116 8.010
0.030 0.831 4.935
0.049 1.399 7.948
0.037 2.656 5.672
0.046 1.706 7.376
0.060 2.684 9.625
0.051 4.476 7.829
0.042 2.164 6.630
0.036 0.065 5.933
0.037 3.453 5.527
0.034 2.423 5.212
0.040 2.646 6.213
0.034 1.229 5.518
0.033 3.800 4.800
0.021 2.389 3.146
0.043 2.624 6.675
0.047 1.451 7.669
0.038 5.111 5.399
0.040 1.257 6.520
0.041 2.968 6.269
0.040 3.181 6.142
0.042 1.387 6.759
0.038 2.564 5.961
0.029 2.035 4.449
0.041 1.758 6.539
0.036 1.694 5.767
0.050 0.097 8.368
0.050 1.347 8.149
0.042 1.285 6.788
0.039 2.608 6.033
0.050 0.842 8.251
0.044 1.209 7.197
0.040 0.438 6.619
0.036 3.444 5.427
0.033 2.114 5.085
0.056 3.397 8.781
0.035 2.839 5.395
0.044 0.560 7.196
0.038 2.694 5.941
0.035 0.660 5.662
0.024 3.523 3.400
0.039 1.394 6.300
0.054 1.432 8.826
0.032 3.007 4.757
0.044 3.348 6.794
0.036 1.733 5.708
0.036 3.484 5.431
0.053 1.595 8.501
0.051 2.461 8.097
0.035 0.613 5.700
0.038 0.589 6.220
0.036 2.334 5.554
0.046 4.504 6.853
0.065 3.291 10.253
0.039 2.341 6.071
0.031 2.399 4.718
0.036 1.830 5.752
0.037 1.600 5.909
0.045 3.270 6.974
0.030 2.483 4.554
0.039 1.369 6.274
0.047 2.269 7.384
0.036 1.074 5.798
0.038 1.199 6.097
0.043 3.426 6.615
0.038 3.539 5.725
0.038 1.844 6.062
0.038 1.288 6.155
0.043 0.507 7.020
0.030 0.479 4.923
0.046 2.730 7.177
0.038 0.810 6.212
0.046 1.078 7.535
0.030 0.877 4.771
0.031 1.690 4.857
0.042 0.786 6.879
0.035 0.145 5.827
0.034 1.959 5.351
0.043 0.532 7.008
0.049 3.609 7.622
0.045 2.418 7.091
0.049 1.541 7.967
0.040 2.442 6.204
0.043 2.076 6.746
0.035 1.757 5.475
0.039 2.121 6.157
0.048 4.240 7.328
